100
135
103
197
130
183
130
168
140
186
194
118
122
159
152
174
130
125
142
106
143
158
126
186
142
110
171
137
184
161
129
163
183
172
189
112
167
110
126
148
177
157
179
115
108
164
165
123
115
102
141
129
171
115
108
133
142
114
145
121
118
157
185
189
177
194
112
199
119
129
144
187
148
122
106
149
159
167
141
173
185
194
119
137
140
118
170
189
114
178
150
124
165
180
186
187
198
161
136
124
149
195
127
170
146
126
183
141
101
110
118
194
154
112
132
115
126
103
105
104
100
160
133
135
110
114
188
169
122
127
115
104
114
121
153
132
187
143
158
109
192
121
166
160
106
106
186
104
132
126
151
148
119
115
137
186
125
104
118
146
150
191
184
183
133
107
135
139
198
177
189
124
115
136
187
155
190
121
197
109
170
127
199
189
111
195
114
115
173
128
151
115
153
166
140
165
154
187
129
160
186
122
